VELOCITY:     AVE_POFV:    PROG_AVE:        ERROR:
    0.133333           0           0           0
         0.4           0           0           0
    0.666667           0           0           0
    0.933333           0           0           0
         1.2           0           0           0
     1.46667           0           0           0
     1.73333           0           0           0
           2           0           0           0
     2.26667    0.583333    0.583333           0
     2.53333    0.416667    0.416667           0
         2.8           0           0           0
     3.06667           0           0           0
     3.33333           0           0           0
         3.6           0           0           0
     3.86667           0           0           0
     4.13333           0           0           0
         4.4           0           0           0
     4.66667           0           0           0
     4.93333           0           0           0
         5.2           0           0           0
     5.46667           0           0           0
     5.73333           0           0           0
           6           0           0           0
     6.26667           0           0           0
     6.53333           0           0           0
         6.8           0           0           0
     7.06667           0           0           0
     7.33333           0           0           0
         7.6           0           0           0
     7.86667           0           0           0
    0.133333  0.00287037 0.000717593 0.000507415
         0.4   0.0167176   0.0041794  0.00295528
    0.666667   0.0210648   0.0052662  0.00372377
    0.933333   0.0464861   0.0116215  0.00821766
         1.2   0.0640694   0.0160174    0.011326
     1.46667   0.0912361    0.022809   0.0161284
     1.73333    0.103509   0.0258773    0.018298
           2    0.115648    0.028912   0.0204439
     2.26667    0.133134     0.32495    0.182704
     2.53333    0.134616    0.241987    0.123517
         2.8    0.107023   0.0267558   0.0189192
     3.06667   0.0629861   0.0157465   0.0111345
     3.33333   0.0470185   0.0117546  0.00831178
         3.6   0.0265185  0.00662963  0.00468786
     3.86667   0.0122315  0.00305787  0.00216224
     4.13333  0.00605093  0.00151273  0.00106966
         4.4   0.0062963  0.00157407  0.00111304
     4.66667  0.00131019 0.000327546  0.00023161
     4.93333 0.000842593 0.000210648 0.000148951
         5.2 0.000263889 6.59722e-05 4.66494e-05
     5.46667 0.000106481 2.66204e-05 1.88234e-05
     5.73333           0           0           0
           6           0           0           0
     6.26667           0           0           0
     6.53333           0           0           0
         6.8           0           0           0
     7.06667           0           0           0
     7.33333           0           0           0
         7.6           0           0           0
     7.86667           0           0           0
    0.133333  0.00143519  0.00063786 0.000344484
         0.4    0.014713  0.00442104  0.00198004
    0.666667   0.0235093  0.00612294  0.00257919
    0.933333   0.0563241   0.0140059  0.00581408
         1.2    0.116991   0.0236772  0.00980449
     1.46667    0.130255   0.0296788   0.0121274
     1.73333     0.14869   0.0337726   0.0137973
           2    0.126722   0.0333549   0.0141038
     2.26667    0.105806     0.22839    0.145093
     2.53333   0.0861991    0.170903    0.100744
         2.8   0.0851435   0.0272976   0.0126206
     3.06667   0.0416528   0.0151258  0.00744027
     3.33333   0.0380972   0.0120694  0.00554714
         3.6    0.012537  0.00581276  0.00319562
     3.86667  0.00416667  0.00250154  0.00151137
     4.13333  0.00562037  0.00163297 0.000719835
         4.4  0.00213889  0.00128704 0.000778157
     4.66667           0 0.000218364 0.000178294
     4.93333           0 0.000140432 0.000114662
         5.2           0 4.39815e-05 3.59107e-05
     5.46667           0 1.77469e-05 1.44903e-05
     5.73333           0           0           0
           6           0           0           0
     6.26667           0           0           0
     6.53333           0           0           0
         6.8           0           0           0
     7.06667           0           0           0
     7.33333           0           0           0
         7.6           0           0           0
     7.86667           0           0           0
    0.133333  0.00202315 0.000604842  0.00025994
         0.4   0.0186343  0.00448042  0.00148592
    0.666667   0.0395648  0.00706501   0.0020994
    0.933333   0.0639676   0.0145024  0.00438171
         1.2    0.111218    0.024709  0.00740746
     1.46667    0.123898   0.0300027  0.00909987
     1.73333    0.160745   0.0353761   0.0104407
           2    0.136412    0.033542   0.0105791
     2.26667   0.0847917    0.176592    0.117703
     2.53333   0.0846157    0.133465   0.0822202
         2.8    0.082338   0.0256193  0.00957635
     3.06667   0.0496157   0.0144453  0.00561123
     3.33333   0.0278241   0.0107911  0.00430514
         3.6  0.00783333  0.00484915  0.00253784
     3.86667   0.0036713  0.00210561  0.00118425
     4.13333   0.0026713  0.00139169 0.000578905
         4.4 0.000175926 0.000976273 0.000642682
     4.66667           0 0.000163773 0.000141832
     4.93333           0 0.000105324 9.12133e-05
         5.2           0 3.29861e-05 2.85668e-05
     5.46667           0 1.33102e-05  1.1527e-05
     5.73333           0           0           0
           6           0           0           0
     6.26667           0           0           0
     6.53333           0           0           0
         6.8           0           0           0
     7.06667           0           0           0
     7.33333           0           0           0
         7.6           0           0           0
     7.86667           0           0           0
    0.133333  0.00190741  0.00056017 0.000211756
         0.4   0.0175046  0.00428452  0.00120158
    0.666667   0.0607083  0.00808034  0.00190932
    0.933333   0.0913194   0.0152547  0.00356936
         1.2    0.115602   0.0243913  0.00593278
     1.46667    0.103667   0.0281488  0.00746635
     1.73333     0.13537   0.0337157  0.00848358
           2    0.126051   0.0318756  0.00859349
     2.26667   0.0918241    0.144946   0.0983244
     2.53333   0.0829722    0.110091   0.0690187
         2.8   0.0798194   0.0236882  0.00785337
     3.06667       0.044   0.0133162  0.00460117
     3.33333   0.0171852  0.00932028  0.00368681
         3.6   0.0228426  0.00479302  0.00203089
     3.86667  0.00881481  0.00203708 0.000949383
     4.13333 0.000412037  0.00112983 0.000518978
         4.4           0 0.000781019 0.000542997
     4.66667           0 0.000131019 0.000117187
     4.93333           0 8.42593e-05 7.53638e-05
         5.2           0 2.63889e-05 2.36029e-05
     5.46667           0 1.06481e-05 9.52399e-06
     5.73333           0           0           0
           6           0           0           0
     6.26667           0           0           0
     6.53333           0           0           0
         6.8           0           0           0
     7.06667           0           0           0
     7.33333           0           0           0
         7.6           0           0           0
     7.86667           0           0           0
    0.133333  0.00639815 0.000644534 0.000192537
         0.4   0.0212778  0.00416148   0.0010076
    0.666667   0.0626991  0.00847526  0.00163143
    0.933333     0.10125   0.0155248  0.00298467
         1.2    0.097375   0.0230309  0.00509756
     1.46667    0.113648   0.0266142  0.00637771
     1.73333    0.126921    0.031622  0.00732345
           2   0.0982824   0.0292931  0.00753932
     2.26667     0.11944    0.124106   0.0841165
     2.53333   0.0970231   0.0944377   0.0592641
         2.8   0.0584213    0.021363   0.0068801
     3.06667   0.0505046   0.0124998  0.00390608
     3.33333   0.0204259  0.00833428  0.00320147
         3.6   0.0176667  0.00448493  0.00171562
     3.86667  0.00866667  0.00193831 0.000796274
     4.13333           0 0.000941525 0.000465392
         4.4           0 0.000650849  0.00046784
     4.66667           0 0.000109182 9.96692e-05
     4.93333           0  7.0216e-05 6.40982e-05
         5.2           0 2.19907e-05 2.00747e-05
     5.46667           0 8.87346e-06 8.10032e-06
     5.73333           0           0           0
           6           0           0           0
     6.26667           0           0           0
     6.53333           0           0           0
         6.8           0           0           0
     7.06667           0           0           0
     7.33333           0           0           0
         7.6           0           0           0
     7.86667           0           0           0
    0.133333  0.00330093 0.000619824  0.00016661
         0.4    0.014463  0.00386215 0.000907029
    0.666667    0.035037  0.00797955  0.00147175
    0.933333   0.0851111   0.0150439  0.00259673
         1.2    0.136278    0.022522  0.00439467
     1.46667    0.137264   0.0256135  0.00554457
     1.73333    0.117421   0.0295009  0.00657723
           2    0.157032   0.0283131  0.00652565
     2.26667    0.107713    0.108575   0.0735198
     2.53333   0.0569815   0.0821095   0.0520643
         2.8   0.0735741   0.0198127  0.00606939
     3.06667   0.0226806    0.011177  0.00356503
     3.33333    0.021088  0.00757404  0.00283295
         3.6   0.0185139  0.00422206  0.00149053
     3.86667  0.00566204  0.00177696 0.000698677
     4.13333  0.00647685 0.000939202 0.000398913
         4.4  0.00140278 0.000586498 0.000405407
     4.66667           0 9.35847e-05 8.66426e-05
     4.93333           0 6.01852e-05 5.57207e-05
         5.2           0 1.88492e-05  1.7451e-05
     5.46667           0 7.60582e-06 7.04162e-06
     5.73333           0           0           0
           6           0           0           0
     6.26667           0           0           0
     6.53333           0           0           0
         6.8           0           0           0
     7.06667           0           0           0
     7.33333           0           0           0
         7.6           0           0           0
     7.86667           0           0           0
    0.133333  0.00319907 0.000592331 0.000148035
         0.4   0.0156343  0.00362367 0.000824406
    0.666667   0.0625324  0.00795917  0.00128793
    0.933333    0.102088   0.0147585  0.00228777
         1.2    0.110389   0.0214316  0.00397831
     1.46667    0.124069   0.0243504   0.0049933
     1.73333    0.110074   0.0275332  0.00604225
           2     0.13938   0.0269518  0.00585022
     2.26667     0.10194    0.096596   0.0652984
     2.53333   0.0655509   0.0728701   0.0463688
         2.8   0.0824074   0.0186237  0.00542592
     3.06667   0.0356343   0.0103366  0.00321692
     3.33333   0.0218194  0.00696821  0.00254278
         3.6  0.00961574  0.00384455  0.00135118
     3.86667   0.0120833  0.00174364 0.000612136
     4.13333  0.00358333 0.000877792 0.000353744
         4.4           0 0.000513186 0.000361299
     4.66667           0 8.18866e-05 7.65979e-05
     4.93333           0  5.2662e-05 4.92608e-05
         5.2           0 1.64931e-05 1.54278e-05
     5.46667           0 6.65509e-06 6.22527e-06
     5.73333           0           0           0
           6           0           0           0
     6.26667           0           0           0
     6.53333           0           0           0
         6.8           0           0           0
     7.06667           0           0           0
     7.33333           0           0           0
         7.6           0           0           0
     7.86667           0           0           0
    0.133333  0.00253704 0.000557838 0.000135545
         0.4   0.0234491  0.00351053 0.000740527
    0.666667   0.0620417  0.00784077  0.00115025
    0.933333   0.0805231   0.0141128  0.00212274
         1.2    0.113245   0.0204484  0.00365575
     1.46667    0.121296   0.0231423  0.00458231
     1.73333    0.145782   0.0262737  0.00550059
           2    0.125676   0.0255087  0.00537523
     2.26667      0.1015   0.0871162   0.0587271
     2.53333   0.0757824    0.065709   0.0417661
         2.8   0.0358333   0.0169968  0.00506108
     3.06667   0.0506944  0.00981397  0.00290163
     3.33333    0.043338    0.006729  0.00227147
         3.6   0.0106343  0.00354866  0.00123302
     3.86667  0.00679167  0.00163375 0.000553897
     4.13333    0.000875 0.000791062 0.000324898
         4.4           0 0.000456165 0.000325623
     4.66667           0 7.27881e-05 6.86252e-05
     4.93333           0 4.68107e-05 4.41336e-05
         5.2           0 1.46605e-05  1.3822e-05
     5.46667           0 5.91564e-06 5.57732e-06
     5.73333           0           0           0
           6           0           0           0
     6.26667           0           0           0
     6.53333           0           0           0
         6.8           0           0           0
     7.06667           0           0           0
     7.33333           0           0           0
         7.6           0           0           0
     7.86667           0           0           0
    0.133333 7.87037e-05 0.000502842  0.00013268
         0.4  0.00934259   0.0032529 0.000709875
    0.666667   0.0644259  0.00770095  0.00104369
    0.933333   0.0752269   0.0134538  0.00201016
         1.2    0.114421   0.0195477  0.00339931
     1.46667    0.134139   0.0221695  0.00422608
     1.73333     0.14125   0.0250589  0.00508292
           2    0.129787   0.0242557  0.00498161
     2.26667    0.108157   0.0794862   0.0533478
     2.53333   0.0971481   0.0601096   0.0379629
         2.8   0.0404398   0.0157015  0.00471781
     3.06667   0.0351019   0.0091836  0.00267907
     3.33333   0.0311574  0.00636768  0.00207287
         3.6   0.0108287  0.00330208   0.0011341
     3.86667  0.00544444  0.00152482 0.000509106
     4.13333  0.00152778 0.000727233 0.000298612
         4.4 0.000958333 0.000420132 0.000295048
     4.66667 0.000564815 7.11574e-05 6.17821e-05
     4.93333           0 4.21296e-05 3.99677e-05
         5.2           0 1.31944e-05 1.25173e-05
     5.46667           0 5.32407e-06 5.05086e-06
     5.73333           0           0           0
           6           0           0           0
     6.26667           0           0           0
     6.53333           0           0           0
         6.8           0           0           0
     7.06667           0           0           0
     7.33333           0           0           0
         7.6           0           0           0
     7.86667           0           0           0
    0.133333  0.00264352 0.000478976 0.000122746
         0.4   0.0239028  0.00315473 0.000652095
    0.666667   0.0649074  0.00753729 0.000961556
    0.933333   0.0798611   0.0128907  0.00190465
         1.2    0.113255   0.0187067  0.00319264
     1.46667    0.141236   0.0213213  0.00392608
     1.73333    0.124657    0.023811  0.00477155
           2    0.109926   0.0229591  0.00469444
     2.26667   0.0843519   0.0729573   0.0488959
     2.53333    0.118921   0.0556279   0.0347753
         2.8    0.043875   0.0146367  0.00440744
     3.06667   0.0281481  0.00858135  0.00250229
     3.33333   0.0264722  0.00600758  0.00191545
         3.6   0.0226065  0.00318872  0.00103665
     3.86667   0.0107778  0.00147527 0.000465228
     4.13333  0.00348611 0.000689932 0.000273785
         4.4 0.000115741 0.000382895 0.000270565
     4.66667 0.000175926 6.61425e-05 5.63687e-05
     4.93333 0.000680556 4.39241e-05 3.63745e-05
         5.2           0 1.19949e-05 1.14367e-05
     5.46667           0 4.84007e-06 4.61482e-06
     5.73333           0           0           0
           6           0           0           0
     6.26667           0           0           0
     6.53333           0           0           0
         6.8           0           0           0
     7.06667           0           0           0
     7.33333           0           0           0
         7.6           0           0           0
     7.86667           0           0           0
    0.133333  0.00743519 0.000490694 0.000113075
         0.4   0.0258519  0.00307136 0.000603059
    0.666667   0.0619028  0.00733906 0.000901628
    0.933333      0.0995   0.0125075  0.00178407
         1.2    0.119787   0.0179796  0.00300822
     1.46667    0.111532    0.020319  0.00372464
     1.73333    0.117963   0.0226459  0.00451392
           2    0.113681   0.0218353  0.00443571
     2.26667   0.0977176   0.0675561   0.0451185
     2.53333   0.0915231   0.0516278   0.0321066
         2.8   0.0572731   0.0138147  0.00411609
     3.06667   0.0318565  0.00808747    0.002342
     3.33333   0.0209306   0.0056523  0.00178847
         3.6   0.0249583  0.00309632 0.000954376
     3.86667   0.0029537  0.00137285 0.000437589
     4.13333  0.00420833 0.000661662 0.000252425
         4.4    0.001125   0.0003588 0.000249088
     4.66667   0.0087037 0.000121073 7.37281e-05
     4.93333  0.00109722 4.78833e-05 3.35581e-05
         5.2           0 1.09954e-05 1.05273e-05
     5.46667           0 4.43673e-06 4.24784e-06
     5.73333           0           0           0
           6           0           0           0
     6.26667           0           0           0
     6.53333           0           0           0
         6.8           0           0           0
     7.06667           0           0           0
     7.33333           0           0           0
         7.6           0           0           0
     7.86667           0           0           0
    0.133333  0.00568519 0.000486589 0.000104451
         0.4   0.0240278  0.00297728 0.000563961
    0.666667   0.0819861  0.00725964 0.000835762
    0.933333   0.0849167   0.0120478  0.00170502
         1.2   0.0982454   0.0171779  0.00288167
     1.46667    0.128144   0.0195143    0.003524
     1.73333    0.113213   0.0215739  0.00429212
           2    0.103347   0.0207672  0.00422114
     2.26667    0.117481   0.0630546   0.0418718
     2.53333   0.0967778   0.0482291   0.0298162
         2.8   0.0552685   0.0130791  0.00386465
     3.06667   0.0281343  0.00763183  0.00220572
     3.33333   0.0146759  0.00530434   0.0016844
         3.6   0.0288056  0.00302859 0.000883363
     3.86667   0.0083287  0.00131652 0.000407537
     4.13333  0.00662037 0.000649939  0.00023328
         4.4  0.00340741 0.000351362 0.000230039
     4.66667 0.000935185 0.000117293 6.81536e-05
     4.93333           0    4.42e-05 3.11782e-05
         5.2           0 1.01496e-05 9.75139e-06
     5.46667           0 4.09544e-06 3.93477e-06
     5.73333           0           0           0
           6           0           0           0
     6.26667           0           0           0
     6.53333           0           0           0
         6.8           0           0           0
     7.06667           0           0           0
     7.33333           0           0           0
         7.6           0           0           0
     7.86667           0           0           0
    0.133333  0.00166204 0.000460312 0.000100241
         0.4   0.0283565  0.00290929  0.00052776
    0.666667   0.0601574  0.00704802 0.000802409
    0.933333   0.0896296   0.0116446  0.00163022
         1.2    0.129444   0.0166113  0.00273097
     1.46667    0.135972   0.0188141  0.00334111
     1.73333    0.117287   0.0206313  0.00408773
           2   0.0881944   0.0197338  0.00404415
     2.26667    0.109917   0.0591115   0.0390662
     2.53333   0.0882824   0.0452346   0.0278364
         2.8   0.0617454   0.0124599  0.00363787
     3.06667   0.0315556  0.00724769  0.00208135
     3.33333   0.0234815  0.00504527  0.00158389
         3.6   0.0117546  0.00287223 0.000833988
     3.86667  0.00890278  0.00126791 0.000381316
     4.13333  0.00830093 0.000645866 0.000216652
         4.4  0.00535648 0.000353593 0.000213618
     4.66667           0 0.000108915 6.37983e-05
     4.93333           0 4.10429e-05 2.91106e-05
         5.2           0  9.4246e-06 9.08177e-06
     5.46667           0 3.80291e-06 3.66458e-06
     5.73333           0           0           0
           6           0           0           0
     6.26667           0           0           0
     6.53333           0           0           0
         6.8           0           0           0
     7.06667           0           0           0
     7.33333           0           0           0
         7.6           0           0           0
     7.86667           0           0           0
    0.133333  0.00352778 0.000445304 9.46753e-05
         0.4   0.0205231  0.00280655 0.000502477
    0.666667   0.0514259  0.00680671 0.000784361
    0.933333    0.111648   0.0113645  0.00154542
         1.2    0.127366     0.01607  0.00260201
     1.46667    0.132894   0.0181505  0.00318359
     1.73333    0.115245    0.019768   0.0039053
           2    0.105681   0.0188879  0.00386199
     2.26667   0.0757269   0.0555073   0.0366277
     2.53333    0.109097   0.0427038   0.0260955
         2.8   0.0497963   0.0118505    0.003446
     3.06667    0.031463  0.00690435  0.00197071
     3.33333   0.0296157  0.00484054  0.00149147
         3.6    0.017787   0.0027598  0.00078593
     3.86667  0.00614815  0.00121071  0.00036016
     4.13333  0.00839352 0.000640113 0.000202285
         4.4  0.00330093 0.000344691 0.000199562
     4.66667 0.000361111 0.000103259 5.97953e-05
     4.93333           0 3.83067e-05 2.72982e-05
         5.2           0  8.7963e-06 8.49803e-06
     5.46667           0 3.54938e-06 3.42903e-06
     5.73333           0           0           0
           6           0           0           0
     6.26667           0           0           0
     6.53333           0           0           0
         6.8           0           0           0
     7.06667           0           0           0
     7.33333           0           0           0
         7.6           0           0           0
     7.86667           0           0           0
    0.133333  0.00509722 0.000437383 8.90888e-05
         0.4   0.0268796  0.00273614  0.00047598
    0.666667   0.0563287  0.00660133 0.000761754
    0.933333    0.112125   0.0110922  0.00147262
         1.2    0.106204   0.0154805  0.00250527
     1.46667    0.133866    0.017539  0.00304278
     1.73333    0.131287   0.0190454  0.00372748
           2    0.107787   0.0181284  0.00369454
     2.26667   0.0575741    0.052263   0.0344818
     2.53333   0.0885833   0.0403808   0.0245677
         2.8   0.0625139   0.0113541  0.00326619
     3.06667   0.0456065  0.00665098  0.00186376
     3.33333   0.0315741  0.00466134  0.00140898
         3.6   0.0146019  0.00264435 0.000745241
     3.86667  0.00889815   0.0011698 0.000339965
     4.13333    0.009625 0.000637704 0.000189657
         4.4  0.00144907 0.000328809 0.000187721
     4.66667           0 9.68055e-05 5.64053e-05
     4.93333           0 3.59125e-05 2.56968e-05
         5.2           0 8.24653e-06 7.98467e-06
     5.46667           0 3.32755e-06 3.22188e-06
     5.73333           0           0           0
           6           0           0           0
     6.26667           0           0           0
     6.53333           0           0           0
         6.8           0           0           0
     7.06667           0           0           0
     7.33333           0           0           0
         7.6           0           0           0
     7.86667           0           0           0
    0.133333  0.00738426 0.000437206 8.38485e-05
         0.4   0.0326481  0.00268816 0.000450393
    0.666667   0.0611806  0.00642471 0.000737135
    0.933333    0.122949   0.0108651  0.00140339
         1.2   0.0938426   0.0148946  0.00242545
     1.46667    0.118894   0.0169187  0.00292634
     1.73333    0.115532   0.0183248  0.00357718
           2    0.101278   0.0174125   0.0035459
     2.26667   0.0961111   0.0495213   0.0325623
     2.53333   0.0941157   0.0383312   0.0232079
         2.8   0.0482639   0.0108532  0.00311223
     3.06667   0.0470556  0.00642257  0.00176807
     3.33333   0.0243148  0.00447128  0.00133885
         3.6    0.019162  0.00255511 0.000706727
     3.86667   0.0103148  0.00113668 0.000321577
     4.13333  0.00411574 0.000614433 0.000179923
         4.4  0.00253241  0.00031823 0.000176976
     4.66667 0.000305556 9.21683e-05 5.32776e-05
     4.93333           0    3.38e-05 2.42719e-05
         5.2           0 7.76144e-06  7.5297e-06
     5.46667           0 3.13181e-06  3.0383e-06
     5.73333           0           0           0
           6           0           0           0
     6.26667           0           0           0
     6.53333           0           0           0
         6.8           0           0           0
     7.06667           0           0           0
     7.33333           0           0           0
         7.6           0           0           0
     7.86667           0           0           0
    0.133333  0.00541204 0.000429621 7.95326e-05
         0.4   0.0208889  0.00260329 0.000433293
    0.666667   0.0495231  0.00622063 0.000723882
    0.933333   0.0853843    0.010525  0.00136601
         1.2    0.107111   0.0143977  0.00234104
     1.46667     0.14538   0.0164275  0.00280469
     1.73333    0.104838   0.0176304   0.0034452
           2    0.150662   0.0169101   0.0033843
     2.26667    0.101963   0.0470848   0.0308443
     2.53333   0.0762407    0.036437   0.0219957
         2.8   0.0635926   0.0104465  0.00296578
     3.06667    0.037912  0.00618277  0.00168602
     3.33333   0.0230139  0.00429391  0.00127617
         3.6    0.017338  0.00246667 0.000672975
     3.86667  0.00955556  0.00110302 0.000305468
     4.13333  0.00118519 0.000583956 0.000172489
         4.4           0  0.00030055 0.000168025
     4.66667           0 8.70478e-05 5.05632e-05
     4.93333           0 3.19222e-05  2.2996e-05
         5.2           0 7.33025e-06 7.12372e-06
     5.46667           0 2.95782e-06 2.87448e-06
     5.73333           0           0           0
           6           0           0           0
     6.26667           0           0           0
     6.53333           0           0           0
         6.8           0           0           0
     7.06667           0           0           0
     7.33333           0           0           0
         7.6           0           0           0
     7.86667           0           0           0
    0.133333  0.00220833 0.000413126 7.70381e-05
         0.4   0.0227037  0.00252917  0.00041678
    0.666667   0.0373148   0.0059966 0.000719618
    0.933333   0.0799583   0.0101926  0.00133396
         1.2    0.120935   0.0139749  0.00225568
     1.46667    0.142014   0.0159563  0.00269637
     1.73333    0.104088   0.0169908  0.00332271
           2    0.133972   0.0163912  0.00324572
     2.26667    0.102764   0.0448913   0.0292988
     2.53333   0.0782315   0.0347359   0.0209037
         2.8   0.0802222   0.0101189  0.00282772
     3.06667   0.0431481  0.00597688  0.00160981
     3.33333   0.0287685   0.0041476  0.00121736
         3.6   0.0195093  0.00239089 0.000641808
     3.86667  0.00334722  0.00105424  0.00029326
     4.13333 0.000564815 0.000554786 0.000165859
         4.4     0.00025 0.000285424 0.000159861
     4.66667           0 8.24664e-05 4.81091e-05
     4.93333           0 3.02421e-05  2.1847e-05
         5.2           0 6.94444e-06 6.75923e-06
     5.46667           0 2.80214e-06 2.72741e-06
     5.73333           0           0           0
           6           0           0           0
     6.26667           0           0           0
     6.53333           0           0           0
         6.8           0           0           0
     7.06667           0           0           0
     7.33333           0           0           0
         7.6           0           0           0
     7.86667           0           0           0
    0.133333  0.00181944 0.000397019 7.48512e-05
         0.4   0.0116343  0.00243179 0.000407157
    0.666667   0.0448796  0.00580897 0.000707675
    0.933333   0.0631944  0.00984094  0.00131279
         1.2    0.141287   0.0136294   0.0021692
     1.46667    0.120991   0.0154609  0.00260665
     1.73333    0.131296   0.0164695  0.00319721
           2    0.127042   0.0158893    0.003122
     2.26667    0.109306     0.04292   0.0279001
     2.53333   0.0912593   0.0332273   0.0199129
         2.8   0.0774213  0.00980652  0.00270354
     3.06667   0.0324306  0.00575912  0.00154398
     3.33333   0.0226111  0.00399675   0.0011658
         3.6    0.020875  0.00232353 0.000613242
     3.86667  0.00311111   0.0010093 0.000282018
     4.13333 0.000842593 0.000529153 0.000159534
         4.4           0 0.000271153 0.000152504
     4.66667           0 7.83431e-05   4.588e-05
     4.93333           0   2.873e-05 2.08069e-05
         5.2           0 6.59722e-06 6.43018e-06
     5.46667           0 2.66204e-06 2.59463e-06
     5.73333           0           0           0
           6           0           0           0
     6.26667           0           0           0
     6.53333           0           0           0
         6.8           0           0           0
     7.06667           0           0           0
     7.33333           0           0           0
         7.6           0           0           0
     7.86667           0           0           0
    0.133333  0.00372222 0.000386553 7.20147e-05
         0.4    0.023912  0.00237022 0.000392398
    0.666667   0.0501204    0.005646 0.000692486
    0.933333    0.079375  0.00955231  0.00128161
         1.2     0.12538   0.0132647  0.00209634
     1.46667    0.147032   0.0150581  0.00251346
     1.73333    0.117102   0.0159508  0.00308675
           2    0.102583   0.0153653  0.00301699
     2.26667   0.0822037   0.0410626   0.0266333
     2.53333    0.111352   0.0318975    0.019009
         2.8   0.0696389  0.00949745   0.0025924
     3.06667     0.05525  0.00561016  0.00147762
     3.33333   0.0210417  0.00385414  0.00111897
         3.6  0.00570833  0.00222583 0.000591771
     3.86667  0.00389352 0.000970071 0.000271304
     4.13333  0.00168519 0.000507777 0.000153363
         4.4           0 0.000258241 0.000145787
     4.66667           0 7.46124e-05 4.38466e-05
     4.93333           0 2.73619e-05  1.9861e-05
         5.2           0 6.28307e-06 6.13165e-06
     5.46667           0 2.53527e-06 2.47417e-06
     5.73333           0           0           0
           6           0           0           0
     6.26667           0           0           0
     6.53333           0           0           0
         6.8           0           0           0
     7.06667           0           0           0
     7.33333           0           0           0
         7.6           0           0           0
     7.86667           0           0           0
    0.133333 4.16667e-05 0.000369069 7.08321e-05
         0.4  0.00802778  0.00227907 0.000385003
    0.666667   0.0320417  0.00545557 0.000686696
    0.933333   0.0938611  0.00931205  0.00124568
         1.2    0.119028   0.0129077  0.00203123
     1.46667    0.151083   0.0146858  0.00242663
     1.73333    0.127736   0.0154896  0.00298069
           2    0.128171   0.0149317  0.00291085
     2.26667   0.0890787   0.0393802   0.0254758
     2.53333   0.0934954   0.0306408   0.0181864
         2.8   0.0620833  0.00919402  0.00249226
     3.06667   0.0526713  0.00546397  0.00141767
     3.33333   0.0269769  0.00373469  0.00107447
         3.6   0.0102917  0.00214592 0.000570243
     3.86667  0.00443056 0.000935131 0.000261212
     4.13333 0.000981481 0.000486724  0.00014783
         4.4           0 0.000246503 0.000139632
     4.66667           0  7.1221e-05 4.19846e-05
     4.93333           0 2.61182e-05 1.89971e-05
         5.2           0 5.99747e-06 5.85958e-06
     5.46667           0 2.42003e-06 2.36439e-06
     5.73333           0           0           0
           6           0           0           0
     6.26667           0           0           0
     6.53333           0           0           0
         6.8           0           0           0
     7.06667           0           0           0
     7.33333           0           0           0
         7.6           0           0           0
     7.86667           0           0           0
    0.133333           0 0.000353022 6.95463e-05
         0.4   0.0114259  0.00220158 0.000375981
    0.666667   0.0496528  0.00531223 0.000671632
    0.933333   0.0807269  0.00905978  0.00121679
         1.2   0.0877685   0.0125124    0.001981
     1.46667    0.158894   0.0143477  0.00234456
     1.73333    0.154111   0.0151075  0.00287549
           2    0.132259   0.0145325  0.00281153
     2.26667     0.11406   0.0378836    0.024412
     2.53333   0.0687731   0.0294386   0.0174354
         2.8   0.0636481   0.0089146  0.00239951
     3.06667   0.0385417  0.00529927  0.00136557
     3.33333   0.0231574  0.00361609  0.00103428
         3.6   0.0131019  0.00207739 0.000549552
     3.86667  0.00241667 0.000899042 0.000252336
     4.13333 0.000796296 0.000467067 0.000142703
         4.4 0.000342593 0.000236433 0.000133924
     4.66667 0.000324074  6.8737e-05 4.02326e-05
     4.93333           0 2.49826e-05 1.82051e-05
         5.2           0 5.73671e-06 5.61062e-06
     5.46667           0 2.31481e-06 2.26393e-06
     5.73333           0           0           0
           6           0           0           0
     6.26667           0           0           0
     6.53333           0           0           0
         6.8           0           0           0
     7.06667           0           0           0
     7.33333           0           0           0
         7.6           0           0           0
     7.86667           0           0           0
    0.133333  0.00188426 0.000341584 6.75825e-05
         0.4   0.0187824  0.00214245 0.000364934
    0.666667   0.0492083  0.00517632 0.000657255
    0.933333   0.0720046  0.00880729    0.001192
         1.2     0.12137   0.0122017  0.00192266
     1.46667    0.133028   0.0139808   0.0022754
     1.73333    0.155181   0.0147474  0.00277813
           2    0.111907   0.0141212  0.00272429
     2.26667    0.109065   0.0364945   0.0234344
     2.53333   0.0889074   0.0283664   0.0167419
         2.8    0.060463  0.00864813  0.00231428
     3.06667   0.0427407  0.00515267  0.00131651
     3.33333   0.0174352  0.00349569 0.000998165
         3.6  0.00989815  0.00200801 0.000531015
     3.86667      0.0055  0.00087113 0.000243361
     4.13333  0.00228704 0.000451577 0.000137595
         4.4 0.000337963 0.000227168 0.000128664
     4.66667           0  6.5873e-05  3.8658e-05
     4.93333           0 2.39417e-05 1.74763e-05
         5.2           0 5.49769e-06 5.38193e-06
     5.46667           0 2.21836e-06 2.17166e-06
     5.73333           0           0           0
           6           0           0           0
     6.26667           0           0           0
     6.53333           0           0           0
         6.8           0           0           0
     7.06667           0           0           0
     7.33333           0           0           0
         7.6           0           0           0
     7.86667           0           0           0
    0.133333 0.000833333 0.000329254 6.59944e-05
         0.4   0.0192407  0.00208754 0.000354444
    0.666667   0.0358704  0.00502666  0.00064778
    0.933333   0.0938843  0.00860522  0.00116132
         1.2    0.118394   0.0119031   0.0018688
     1.46667    0.132352   0.0136333  0.00221075
     1.73333    0.116662   0.0143442  0.00269611
           2    0.119921   0.0137483  0.00264073
     2.26667    0.119815   0.0352264   0.0225313
     2.53333   0.0913426   0.0273779   0.0161014
         2.8      0.0755    0.008423  0.00223263
     3.06667    0.039625  0.00500996  0.00127156
     3.33333   0.0125741  0.00337598  0.00096539
         3.6   0.0121157  0.00194708 0.000513259
     3.86667   0.0100324 0.000852337 0.000234351
     4.13333  0.00183796 0.000436454  0.00013292
         4.4           0 0.000218082 0.000123838
     4.66667           0 6.32381e-05 3.72014e-05
     4.93333           0  2.2984e-05 1.68034e-05
         5.2           0 5.27778e-06 5.17115e-06
     5.46667           0 2.12963e-06  2.0866e-06
     5.73333           0           0           0
           6           0           0           0
     6.26667           0           0           0
     6.53333           0           0           0
         6.8           0           0           0
     7.06667           0           0           0
     7.33333           0           0           0
         7.6           0           0           0
     7.86667           0           0           0
    0.133333 0.000865741 0.000317871 6.44304e-05
         0.4   0.0208102  0.00203803 0.000344252
    0.666667   0.0610093  0.00492357 0.000631014
    0.933333    0.108426  0.00843464  0.00112911
         1.2    0.105745   0.0116017  0.00182107
     1.46667    0.107431   0.0132679  0.00215571
     1.73333    0.119833   0.0139698  0.00261828
           2    0.129778   0.0134115  0.00256055
     2.26667    0.119556   0.0340484   0.0216955
     2.53333   0.0712546   0.0264303   0.0155099
         2.8   0.0466528  0.00816805  0.00216127
     3.06667    0.056287  0.00490054  0.00122736
     3.33333   0.0214769   0.0032779 0.000933228
         3.6   0.0157731  0.00189552   0.0004961
     3.86667  0.00886574  0.00083267 0.000226161
     4.13333  0.00511574 0.000427235 0.000128127
         4.4 6.48148e-05  0.00020979 0.000119352
     4.66667  0.00105556 6.23673e-05 3.57808e-05
     4.93333           0    2.21e-05 1.61804e-05
         5.2           0 5.07479e-06 4.97624e-06
     5.46667           0 2.04772e-06 2.00796e-06
     5.73333           0           0           0
           6           0           0           0
     6.26667           0           0           0
     6.53333           0           0           0
         6.8           0           0           0
     7.06667           0           0           0
     7.33333           0           0           0
         7.6           0           0           0
     7.86667           0           0           0
    0.133333  0.00103241 0.000307515  6.2871e-05
         0.4   0.0212176  0.00199166 0.000334611
    0.666667   0.0585093  0.00482148 0.000615847
    0.933333     0.08725  0.00824193  0.00110362
         1.2      0.1175   0.0113332  0.00177331
     1.46667    0.131079   0.0129563  0.00209827
     1.73333    0.119569   0.0136164  0.00254504
           2    0.146384   0.0131155  0.00248276
     2.26667    0.118162   0.0329494   0.0209197
     2.53333   0.0696991    0.025547   0.0149606
         2.8   0.0412037  0.00792205  0.00209518
     3.06667   0.0339352  0.00476558  0.00118929
     3.33333   0.0223704  0.00318719 0.000903063
         3.6   0.0134907  0.00184382 0.000480413
     3.86667  0.00871296 0.000813782 0.000218572
     4.13333  0.00403241 0.000416943 0.000123794
         4.4  0.00515278 0.000209088 0.000114934
     4.66667 0.000699074 6.10163e-05  3.4481e-05
     4.93333           0 2.12815e-05 1.56018e-05
         5.2           0 4.88683e-06 4.79548e-06
     5.46667           0 1.97188e-06 1.93502e-06
     5.73333           0           0           0
           6           0           0           0
     6.26667           0           0           0
     6.53333           0           0           0
         6.8           0           0           0
     7.06667           0           0           0
     7.33333           0           0           0
         7.6           0           0           0
     7.86667           0           0           0
    0.133333  0.00360185 0.000301126 6.09493e-05
         0.4   0.0109028  0.00193443 0.000327517
    0.666667   0.0616157  0.00472788 0.000600924
    0.933333   0.0864722  0.00805787  0.00107944
         1.2    0.120917   0.0110827  0.00172758
     1.46667     0.11475   0.0126399  0.00204704
     1.73333    0.112852    0.013274  0.00247707
           2    0.142093   0.0128284  0.00241064
     2.26667   0.0951481    0.031894   0.0201992
     2.53333     0.11319    0.024779    0.014446
         2.8   0.0508796  0.00770402  0.00203166
     3.06667   0.0383287  0.00464427  0.00115299
     3.33333   0.0245509  0.00310467 0.000874572
         3.6   0.0107824  0.00179173 0.000466071
     3.86667  0.00209722 0.000787393 0.000212353
     4.13333   0.0108102 0.000415841 0.000119378
         4.4  0.00100926 0.000202908 0.000110995
     4.66667           0 5.88372e-05 3.33184e-05
     4.93333           0 2.05214e-05 1.50631e-05
         5.2           0  4.7123e-06 4.62739e-06
     5.46667           0 1.90146e-06 1.86719e-06
     5.73333           0           0           0
           6           0           0           0
     6.26667           0           0           0
     6.53333           0           0           0
         6.8           0           0           0
     7.06667           0           0           0
     7.33333           0           0           0
         7.6           0           0           0
     7.86667           0           0           0
    0.133333  0.00327778  0.00029464 5.91917e-05
         0.4   0.0170278  0.00188797 0.000319501
    0.666667    0.060037  0.00463623 0.000587149
    0.933333   0.0854306   0.0078816  0.00105651
         1.2    0.109671   0.0108309  0.00168625
     1.46667    0.105153   0.0123291  0.00199991
     1.73333    0.148329   0.0129927  0.00240758
           2    0.151532   0.0125662  0.00234172
     2.26667    0.116773   0.0309331   0.0195255
     2.53333   0.0887963   0.0240301   0.0139673
         2.8   0.0472407  0.00749454  0.00197237
     3.06667    0.022125  0.00451043  0.00112097
     3.33333   0.0118843  0.00301175 0.000849337
         3.6   0.0141898  0.00174682 0.000452158
     3.86667    0.008125 0.000769903 0.000205749
     4.13333  0.00278704 0.000404815 0.000115769
         4.4  0.00119444 0.000197331 0.000107307
     4.66667  0.00393056  6.1482e-05 3.22743e-05
     4.93333  0.00111574 2.11405e-05 1.45564e-05
         5.2  0.00137963 6.19027e-06 4.69793e-06
     5.46667           0 1.83589e-06 1.80396e-06
     5.73333           0           0           0
           6           0           0           0
     6.26667           0           0           0
     6.53333           0           0           0
         6.8           0           0           0
     7.06667           0           0           0
     7.33333           0           0           0
         7.6           0           0           0
     7.86667           0           0           0
    0.133333  0.00100463 0.000285935 5.78552e-05
         0.4   0.0112269  0.00183752  0.00031281
    0.666667   0.0559815  0.00454389 0.000574792
    0.933333   0.0756759  0.00770296  0.00103629
         1.2     0.11275   0.0105952  0.00164644
     1.46667    0.121861   0.0120535  0.00195214
     1.73333    0.156708   0.0127337  0.00234121
           2    0.141046    0.012304  0.00227829
     2.26667     0.10213   0.0300155   0.0188962
     2.53333    0.090838     0.02333   0.0135192
         2.8   0.0628194  0.00731452  0.00191483
     3.06667   0.0308704  0.00439439   0.0010896
     3.33333   0.0214676  0.00293521 0.000824467
         3.6  0.00919907  0.00169881 0.000439628
     3.86667  0.00503241 0.000749831 0.000199868
     4.13333      0.0005 0.000391877 0.000112631
         4.4 0.000259259 0.000191042 0.000103915
     4.66667  0.00062963 6.01322e-05 3.12267e-05
     4.93333           0 2.04358e-05 1.40882e-05
         5.2           0 5.98393e-06 4.54586e-06
     5.46667           0 1.77469e-06 1.74486e-06
     5.73333           0           0           0
           6           0           0           0
     6.26667           0           0           0
     6.53333           0           0           0
         6.8           0           0           0
     7.06667           0           0           0
     7.33333           0           0           0
         7.6           0           0           0
     7.86667           0           0           0
    0.133333  0.00337963 0.000280228 5.62697e-05
         0.4   0.0132639  0.00179204 0.000306007
    0.666667   0.0550741  0.00445463  0.00056314
    0.933333   0.0812083  0.00753898  0.00101575
         1.2    0.108551   0.0103663  0.00160915
     1.46667    0.129579   0.0117995  0.00190562
     1.73333    0.152352   0.0124815  0.00227924
           2    0.117458   0.0120294   0.0022213
     2.26667   0.0980231   0.0291492   0.0183065
     2.53333   0.0995694   0.0226811   0.0130987
         2.8   0.0674352  0.00714874  0.00186022
     3.06667   0.0368981  0.00429103  0.00105934
     3.33333    0.022213  0.00286364 0.000800972
         3.6   0.0137778  0.00165835 0.000427304
     3.86667  0.00121759  0.00072691  0.00019473
     4.13333           0 0.000379236 0.000109705
         4.4           0 0.000184879 0.000100745
     4.66667           0 5.81924e-05 3.02795e-05
     4.93333           0 1.97766e-05 1.36492e-05
         5.2           0  5.7909e-06 4.40331e-06
     5.46667           0 1.71744e-06 1.68952e-06
     5.73333           0           0           0
           6           0           0           0
     6.26667           0           0           0
     6.53333           0           0           0
         6.8           0           0           0
     7.06667           0           0           0
     7.33333           0           0           0
         7.6           0           0           0
     7.86667           0           0           0
    0.133333 0.000152778  0.00027162 5.51657e-05
         0.4   0.0133333  0.00174906 0.000299447
    0.666667   0.0583843  0.00437243 0.000551507
    0.933333    0.130019  0.00743036   0.0009898
         1.2   0.0975046   0.0101376  0.00157504
     1.46667    0.112273   0.0115404   0.0018636
     1.73333    0.119167   0.0122078  0.00222438
           2    0.118787   0.0117694  0.00216703
     2.26667    0.108875   0.0283446   0.0177521
     2.53333   0.0930833   0.0220632   0.0127039
         2.8   0.0736944  0.00699731  0.00180824
     3.06667    0.037338   0.0041934  0.00103072
     3.33333   0.0180648  0.00279179 0.000779157
         3.6   0.0121111  0.00161835 0.000415818
     3.86667  0.00672222 0.000710759 0.000189313
     4.13333 0.000430556 0.000367805 0.000106871
         4.4 6.01852e-05  0.00017916  9.7759e-05
     4.66667           0 5.63739e-05 2.93879e-05
     4.93333           0 1.91586e-05 1.32366e-05
         5.2           0 5.60993e-06 4.26943e-06
     5.46667           0 1.66377e-06 1.63757e-06
     5.73333           0           0           0
           6           0           0           0
     6.26667           0           0           0
     6.53333           0           0           0
         6.8           0           0           0
     7.06667           0           0           0
     7.33333           0           0           0
         7.6           0           0           0
     7.86667           0           0           0
    0.133333  0.00164815 0.000264903 5.39015e-05
         0.4   0.0256435  0.00171961 0.000291818
    0.666667    0.058625  0.00429377 0.000540376
    0.933333    0.116102  0.00731181 0.000966879
         1.2   0.0978843   0.0099203  0.00154223
     1.46667    0.100718   0.0112832  0.00182479
     1.73333    0.119222   0.0119474  0.00217217
           2    0.116449   0.0115197  0.00211571
     2.26667    0.125579    0.027601   0.0172297
     2.53333   0.0786667   0.0214668    0.012333
         2.8   0.0583056  0.00683881  0.00176038
     3.06667    0.038088   0.0041013   0.0010036
     3.33333   0.0406435  0.00274451 0.000756979
         3.6   0.0172037  0.00158511 0.000404545
     3.86667  0.00347222 0.000692409 0.000184464
     4.13333  0.00139352 0.000357939 0.000104086
         4.4 0.000356481 0.000174059 9.49296e-05
     4.66667           0 5.46656e-05 2.85469e-05
     4.93333           0  1.8578e-05 1.28482e-05
         5.2           0 5.43994e-06 4.14343e-06
     5.46667           0 1.61336e-06 1.58872e-06
     5.73333           0           0           0
           6           0           0           0
     6.26667           0           0           0
     6.53333           0           0           0
         6.8           0           0           0
     7.06667           0           0           0
     7.33333           0           0           0
         7.6           0           0           0
     7.86667           0           0           0
    0.133333  0.00456019 0.000261056 5.24532e-05
         0.4   0.0227917  0.00168875 0.000284863
    0.666667   0.0351713  0.00419791 0.000532918
    0.933333   0.0871204  0.00717212 0.000948479
         1.2     0.11362  0.00972681  0.00150896
     1.46667    0.120556   0.0110556  0.00178526
     1.73333    0.123565   0.0117028    0.002122
           2    0.145093   0.0113064   0.0020642
     2.26667    0.113204   0.0268872   0.0167378
     2.53333   0.0936852   0.0209165   0.0119825
         2.8   0.0573472  0.00668727  0.00171511
     3.06667    0.034375  0.00401041 0.000978186
     3.33333   0.0266065  0.00268681 0.000736911
         3.6   0.0169907  0.00155318 0.000393904
     3.86667  0.00452778 0.000675961  0.00017977
     4.13333 0.000787037 0.000348092  0.00010149
         4.4           0 0.000168939 9.22755e-05
     4.66667           0 5.30578e-05 2.77525e-05
     4.93333           0 1.80316e-05  1.2482e-05
         5.2           0 5.27994e-06 4.02466e-06
     5.46667           0  1.5659e-06  1.5427e-06
     5.73333           0           0           0
           6           0           0           0
     6.26667           0           0           0
     6.53333           0           0           0
         6.8           0           0           0
     7.06667           0           0           0
     7.33333           0           0           0
         7.6           0           0           0
     7.86667           0           0           0
    0.133333  0.00294444 0.000256001 5.11976e-05
         0.4   0.0224722  0.00165884 0.000278289
    0.666667   0.0597824  0.00412677 0.000522418
    0.933333   0.0648472  0.00702014 0.000933477
         1.2    0.117944  0.00954518  0.00147674
     1.46667    0.118319   0.0108364  0.00174767
     1.73333    0.140116   0.0114829  0.00207274
           2    0.124491    0.011085  0.00201707
     2.26667     0.10519   0.0262048   0.0162734
     2.53333    0.113023   0.0204111   0.0116508
         2.8   0.0578935  0.00654347  0.00167213
     3.06667   0.0367824  0.00392585 0.000953886
     3.33333   0.0222685  0.00262822 0.000718182
         3.6    0.010588  0.00151745 0.000384267
     3.86667  0.00293981 0.000659048 0.000175428
     4.13333 0.000398148 0.000338472  9.9045e-05
         4.4           0 0.000164112 8.97652e-05
     4.66667           0 5.15419e-05  2.7001e-05
     4.93333           0 1.75164e-05  1.2136e-05
         5.2           0 5.12908e-06 3.91249e-06
     5.46667           0 1.52116e-06 1.49928e-06
     5.73333           0           0           0
           6           0           0           0
     6.26667           0           0           0
     6.53333           0           0           0
         6.8           0           0           0
     7.06667           0           0           0
     7.33333           0           0           0
         7.6           0           0           0
     7.86667           0           0           0
    0.133333  0.00171759 0.000250215 5.01013e-05
         0.4   0.0170556  0.00162592 0.000272499
    0.666667   0.0413009    0.004044  0.00051442
    0.933333    0.076287    0.006884  0.00091742
         1.2    0.122042  0.00937421  0.00144558
     1.46667    0.144296   0.0106467  0.00170938
     1.73333    0.161222   0.0112883  0.00202428
           2    0.105477   0.0108585  0.00197372
     2.26667    0.106796   0.0255593   0.0158342
     2.53333    0.102269   0.0199231   0.0113374
         2.8   0.0426528  0.00639462  0.00163229
     3.06667   0.0293102  0.00383942 0.000931297
     3.33333   0.0253796   0.0025748 0.000700217
         3.6  0.00984259  0.00148289 0.000375143
     3.86667   0.0034213 0.000643381 0.000171253
     4.13333  0.00285648 0.000331274 9.65549e-05
         4.4  0.00807407 0.000165784 8.72873e-05
     4.66667           0 5.01101e-05 2.62889e-05
     4.93333           0 1.70298e-05 1.18086e-05
         5.2           0 4.98661e-06 3.80641e-06
     5.46667           0 1.47891e-06 1.45822e-06
     5.73333           0           0           0
           6           0           0           0
     6.26667           0           0           0
     6.53333           0           0           0
         6.8           0           0           0
     7.06667           0           0           0
     7.33333           0           0           0
         7.6           0           0           0
     7.86667           0           0           0
    0.133333  0.00201389 0.000244924 4.90258e-05
         0.4    0.033875  0.00160672 0.000265809
    0.666667   0.0521065  0.00397277 0.000505425
    0.933333   0.0993287   0.0067705 0.000899619
         1.2   0.0984722  0.00919278  0.00141785
     1.46667    0.132542   0.0104558  0.00167381
     1.73333    0.127514   0.0110763  0.00198063
           2    0.125463   0.0106567  0.00193066
     2.26667    0.104343   0.0249447   0.0154182
     2.53333   0.0770694   0.0194409   0.0110412
         2.8   0.0394074  0.00625058  0.00159452
     3.06667   0.0352824  0.00376142 0.000909387
     3.33333   0.0368287  0.00253211 0.000682592
         3.6   0.0172546  0.00145542 0.000366009
     3.86667   0.0047963 0.000629495 0.000167186
     4.13333   0.0130278 0.000331837 9.39469e-05
         4.4 0.000675926 0.000161797 8.50192e-05
     4.66667           0 4.87558e-05 2.56132e-05
     4.93333           0 1.65696e-05 1.14984e-05
         5.2           0 4.85183e-06 3.70591e-06
     5.46667           0 1.43894e-06 1.41936e-06
     5.73333           0           0           0
           6           0           0           0
     6.26667           0           0           0
     6.53333           0           0           0
         6.8           0           0           0
     7.06667           0           0           0
     7.33333           0           0           0
         7.6           0           0           0
     7.86667           0           0           0
    0.133333  0.00187963  0.00023978 4.80047e-05
         0.4   0.0270185  0.00158315 0.000259857
    0.666667   0.0641296  0.00391263 0.000495689
    0.933333   0.0851898  0.00665133 0.000883803
         1.2    0.107519  0.00902533  0.00139039
     1.46667    0.116458   0.0102613  0.00164103
     1.73333    0.122616   0.0108698  0.00193925
           2    0.145083   0.0104767  0.00188823
     2.26667    0.113644    0.024367   0.0150233
     2.53333   0.0662037   0.0189752   0.0107605
         2.8   0.0358056  0.00611088  0.00155866
     3.06667   0.0487731  0.00369621  0.00088779
     3.33333    0.029537  0.00248593 0.000666189
         3.6    0.018588  0.00142999 0.000357259
     3.86667  0.00438426 0.000615966 0.000163333
     4.13333  0.00916204 0.000329449  9.1505e-05
         4.4  0.00343981 0.000159921 8.28025e-05
     4.66667 0.000569444 4.78671e-05 2.49546e-05
     4.93333           0 1.61335e-05 1.12041e-05
         5.2           0 4.72415e-06 3.61059e-06
     5.46667           0 1.40107e-06 1.38251e-06
     5.73333           0           0           0
           6           0           0           0
     6.26667           0           0           0
     6.53333           0           0           0
         6.8           0           0           0
     7.06667           0           0           0
     7.33333           0           0           0
         7.6           0           0           0
     7.86667           0           0           0
    0.133333  0.00319444 0.000235732 4.69442e-05
         0.4   0.0206852  0.00155616 0.000254593
    0.666667   0.0725556  0.00386001 0.000485764
    0.933333   0.0815602   0.0065344 0.000868841
         1.2    0.100463  0.00885996  0.00136454
     1.46667    0.167463   0.0101082  0.00160607
     1.73333    0.126611   0.0106743  0.00189935
           2    0.124431   0.0102899  0.00184903
     2.26667   0.0940278    0.023804   0.0146486
     2.53333   0.0536065   0.0185239    0.010494
         2.8   0.0601991  0.00599377  0.00152309
     3.06667   0.0435093  0.00363004 0.000867489
     3.33333   0.0171713  0.00243348 0.000651169
         3.6   0.0119722   0.0014012 0.000349257
     3.86667  0.00528241 0.000603645 0.000159609
     4.13333    0.002625 0.000322728 8.94052e-05
         4.4   0.0137083 0.000164833  8.0825e-05
     4.66667 0.000935185 4.72546e-05 2.43223e-05
     4.93333           0 1.57198e-05 1.09244e-05
         5.2           0 4.60302e-06 3.52004e-06
     5.46667           0 1.36515e-06 1.34753e-06
     5.73333           0           0           0
           6           0           0           0
     6.26667           0           0           0
     6.53333           0           0           0
         6.8           0           0           0
     7.06667           0           0           0
     7.33333           0           0           0
         7.6           0           0           0
     7.86667           0           0           0
    0.133333  0.00430093 0.000232527 4.58799e-05
         0.4   0.0167176   0.0015277 0.000249813
    0.666667   0.0721713  0.00380862 0.000476331
    0.933333    0.114542  0.00644263 0.000851953
         1.2     0.12025  0.00871361  0.00133825
     1.46667    0.142944  0.00994488   0.0015742
     1.73333    0.111838   0.0104773  0.00186205
           2    0.104704   0.0100981  0.00181273
     2.26667   0.0800093   0.0232589   0.0142925
     2.53333   0.0626528   0.0180999   0.0102402
         2.8   0.0713333  0.00588851  0.00148865
     3.06667    0.035162  0.00356127 0.000848524
     3.33333   0.0272917   0.0023897  0.00063636
         3.6   0.0199259  0.00137862 0.000341255
     3.86667  0.00669907 0.000592741 0.000155991
     4.13333  0.00578241 0.000318274  8.7281e-05
         4.4  0.00326852 0.000162755  7.8831e-05
     4.66667 0.000407407 4.63279e-05 2.37319e-05
     4.93333           0 1.53268e-05 1.06584e-05
         5.2           0 4.48795e-06 3.43392e-06
     5.46667           0 1.33102e-06 1.31428e-06
     5.73333           0           0           0
           6           0           0           0
     6.26667           0           0           0
     6.53333           0           0           0
         6.8           0           0           0
     7.06667           0           0           0
     7.33333           0           0           0
         7.6           0           0           0
     7.86667           0           0           0
    0.133333 0.000560185 0.000227189 4.50703e-05
         0.4   0.0180231  0.00150116 0.000245126
    0.666667   0.0459074  0.00374304 0.000469207
    0.933333   0.0975741  0.00634354 0.000836917
         1.2    0.136875  0.00858251  0.00131201
     1.46667    0.120787  0.00977418  0.00154503
     1.73333    0.121435    0.010294  0.00182564
           2    0.124403  0.00992577  0.00177668
     2.26667   0.0934167   0.0227472   0.0139531
     2.53333   0.0947824   0.0177148   0.0099977
         2.8    0.059787  0.00578046  0.00145626
     3.06667   0.0359583   0.0034958  0.00083035
     3.33333   0.0248287  0.00234618 0.000622325
         3.6    0.014412  0.00135357  0.00033385
     3.86667  0.00636111 0.000582068 0.000152551
     4.13333  0.00447685 0.000313174  8.5301e-05
         4.4 0.000412037 0.000159031 7.69963e-05
     4.66667           0 4.51979e-05 2.31799e-05
     4.93333           0  1.4953e-05  1.0405e-05
         5.2           0 4.37848e-06 3.35191e-06
     5.46667           0 1.29855e-06 1.28262e-06
     5.73333           0           0           0
           6           0           0           0
     6.26667           0           0           0
     6.53333           0           0           0
         6.8           0           0           0
     7.06667           0           0           0
     7.33333           0           0           0
         7.6           0           0           0
     7.86667           0           0           0
    0.133333 0.000532407 0.000222081 4.42857e-05
         0.4  0.00921296  0.00147064 0.000241182
    0.666667   0.0321667  0.00367215 0.000463358
    0.933333   0.0881991   0.0062425 0.000823066
         1.2    0.162435  0.00847025  0.00128557
     1.46667    0.137343  0.00961932  0.00151599
     1.73333    0.111394   0.0101121  0.00179121
           2    0.111102  0.00975243  0.00174281
     2.26667   0.0983565   0.0222614   0.0136293
     2.53333    0.101722   0.0173507  0.00976629
         2.8   0.0760185  0.00568592  0.00142465
     3.06667   0.0325648  0.00343103 0.000813102
     3.33333   0.0258102  0.00230495 0.000608872
         3.6   0.0118102  0.00132804 0.000326876
     3.86667  0.00133333 0.000568965 0.000149481
     4.13333           0 0.000305717 8.35953e-05
         4.4           0 0.000155244 7.52561e-05
     4.66667           0 4.41218e-05  2.2653e-05
     4.93333           0  1.4597e-05 1.01633e-05
         5.2           0 4.27424e-06 3.27372e-06
     5.46667           0 1.26764e-06 1.25245e-06
     5.73333           0           0           0
           6           0           0           0
     6.26667           0           0           0
     6.53333           0           0           0
         6.8           0           0           0
     7.06667           0           0           0
     7.33333           0           0           0
         7.6           0           0           0
     7.86667           0           0           0
    0.133333 0.000560185 0.000217219 4.35218e-05
         0.4   0.0109306  0.00144236 0.000237226
    0.666667    0.034875  0.00360561 0.000457335
    0.933333   0.0830648  0.00614225 0.000810008
         1.2    0.169431   0.0083649  0.00125998
     1.46667    0.127699  0.00946468   0.0014886
     1.73333    0.173597  0.00997082  0.00175512
           2    0.127352   0.0095945  0.00170942
     2.26667   0.0467731    0.021769   0.0133212
     2.53333   0.0659537   0.0169829  0.00954609
         2.8    0.067287  0.00559008  0.00139474
     3.06667   0.0404306   0.0033731 0.000796253
     3.33333   0.0217731  0.00226313 0.000596147
         3.6    0.018088  0.00130693 0.000319954
     3.86667   0.0114769  0.00056194 0.000146169
     4.13333 0.000708333 0.000298991 8.19214e-05
         4.4           0 0.000151634 7.35925e-05
     4.66667           0 4.30957e-05 2.21494e-05
     4.93333           0 1.42575e-05 9.93266e-06
         5.2           0 4.17483e-06  3.1991e-06
     5.46667           0 1.23816e-06 1.22367e-06
     5.73333           0           0           0
           6           0           0           0
     6.26667           0           0           0
     6.53333           0           0           0
         6.8           0           0           0
     7.06667           0           0           0
     7.33333           0           0           0
         7.6           0           0           0
     7.86667           0           0           0
    0.133333  0.00149074 0.000213053 4.27317e-05
         0.4  0.00796296  0.00141369  0.00023356
    0.666667   0.0404398  0.00354456 0.000450998
    0.933333    0.121347  0.00606533 0.000795242
         1.2    0.166583  0.00826083  0.00123564
     1.46667    0.136227  0.00931994  0.00146179
     1.73333    0.114093  0.00980314  0.00172322
           2    0.120102  0.00943848  0.00167768
     2.26667   0.0536204   0.0213019   0.0130267
     2.53333   0.0936389   0.0166453   0.0093351
         2.8    0.049713  0.00548871  0.00136672
     3.06667    0.032338  0.00331314 0.000780411
     3.33333   0.0251204  0.00222467 0.000583837
         3.6    0.020463   0.0012878 0.000313254
     3.86667   0.0113472  0.00055503 0.000143011
     4.13333   0.0051713 0.000294867 8.01633e-05
         4.4 0.000342593 0.000148365 7.19925e-05
     4.66667           0 4.21163e-05 2.16677e-05
     4.93333           0 1.39335e-05  9.7122e-06
         5.2           0 4.07995e-06  3.1278e-06
     5.46667           0 1.21002e-06 1.19619e-06
     5.73333           0           0           0
           6           0           0           0
     6.26667           0           0           0
     6.53333           0           0           0
         6.8           0           0           0
     7.06667           0           0           0
     7.33333           0           0           0
         7.6           0           0           0
     7.86667           0           0           0
    0.133333  0.00230093 0.000209454 4.19333e-05
         0.4   0.0330787  0.00139861 0.000228856
    0.666667   0.0542639  0.00349258 0.000443961
    0.933333   0.0598472   0.0059601 0.000784501
         1.2    0.142889  0.00814782  0.00121333
     1.46667       0.137  0.00918048  0.00143594
     1.73333    0.143986   0.0096564  0.00169116
           2    0.104481  0.00928033  0.00164783
     2.26667   0.0961481    0.020876   0.0127441
     2.53333   0.0738241   0.0163118  0.00913361
         2.8   0.0544907  0.00539365  0.00133965
     3.06667   0.0591667  0.00326874 0.000764331
     3.33333   0.0255602  0.00218785 0.000572023
         3.6  0.00676389  0.00126252 0.000307311
     3.86667    0.004375 0.000544856 0.000140194
     4.13333  0.00166204 0.000289135 7.85866e-05
         4.4 0.000162037 0.000145148 7.04645e-05
     4.66667           0 4.11803e-05 2.12064e-05
     4.93333           0 1.36239e-05 9.50131e-06
         5.2           0 3.98929e-06 3.05961e-06
     5.46667           0 1.18313e-06 1.16991e-06
     5.73333           0           0           0
           6           0           0           0
     6.26667           0           0           0
     6.53333           0           0           0
         6.8           0           0           0
     7.06667           0           0           0
     7.33333           0           0           0
         7.6           0           0           0
     7.86667           0           0           0
    0.133333   0.0034537 0.000206533 4.11234e-05
         0.4    0.032375   0.0013835 0.000224379
    0.666667   0.0500787  0.00344033 0.000437374
    0.933333   0.0985972  0.00587713 0.000771822
         1.2    0.123829  0.00802922  0.00119274
     1.46667    0.136509  0.00904542  0.00141106
     1.73333     0.13056  0.00950818  0.00166088
           2   0.0936435  0.00912284  0.00161952
     2.26667   0.0882222   0.0204639   0.0124738
     2.53333   0.0728333   0.0159917  0.00894066
         2.8   0.0626991  0.00530603  0.00131339
     3.06667   0.0605787  0.00322631 0.000748891
     3.33333   0.0246667  0.00215195 0.000560713
         3.6  0.00687963  0.00123833 0.000301582
     3.86667  0.00214352 0.000534025 0.000137564
     4.13333   0.0122315  0.00028863 7.68798e-05
         4.4 0.000699074 0.000142323 6.89893e-05
     4.66667           0 4.02851e-05 2.07642e-05
     4.93333           0 1.33277e-05 9.29937e-06
         5.2           0 3.90256e-06 2.99432e-06
     5.46667           0 1.15741e-06 1.14476e-06
     5.73333           0           0           0
           6           0           0           0
     6.26667           0           0           0
     6.53333           0           0           0
         6.8           0           0           0
     7.06667           0           0           0
     7.33333           0           0           0
         7.6           0           0           0
     7.86667           0           0           0
    0.133333  0.00423148 0.000204054  4.0323e-05
         0.4   0.0198194  0.00136304 0.000220536
    0.666667   0.0499907  0.00338976 0.000430982
    0.933333    0.107625  0.00580081 0.000759165
         1.2    0.126769  0.00791577  0.00117275
     1.46667    0.141616  0.00891707  0.00138686
     1.73333    0.131097  0.00936522  0.00163168
           2    0.109125  0.00897814  0.00159151
     2.26667   0.0769028   0.0200633   0.0122148
     2.53333   0.0529259   0.0156754  0.00875603
         2.8   0.0402917  0.00521137  0.00128885
     3.06667   0.0728935  0.00319066 0.000733806
     3.33333   0.0371389  0.00212297 0.000549531
         3.6   0.0155139    0.001219 0.000295783
     3.86667  0.00859722 0.000526554  0.00013484
     4.13333   0.0045787 0.000284561 7.53516e-05
         4.4 0.000884259 0.000139695 6.75715e-05
     4.66667           0  3.9428e-05 2.03401e-05
     4.93333           0 1.30441e-05 9.10583e-06
         5.2           0 3.81953e-06 2.93176e-06
     5.46667           0 1.13278e-06 1.12067e-06
     5.73333           0           0           0
           6           0           0           0
     6.26667           0           0           0
     6.53333           0           0           0
         6.8           0           0           0
     7.06667           0           0           0
     7.33333           0           0           0
         7.6           0           0           0
     7.86667           0           0           0
    0.133333 0.000861111 0.000200177 3.96689e-05
         0.4   0.0089537  0.00133853   0.0002173
    0.666667   0.0421759  0.00333744 0.000425166
    0.933333    0.103796  0.00572501 0.000747124
         1.2    0.113727  0.00780022  0.00115399
     1.46667     0.14656  0.00879491  0.00136334
     1.73333    0.134375  0.00922844  0.00160341
           2     0.11438  0.00884074  0.00156428
     2.26667    0.108333   0.0196923    0.011966
     2.53333   0.0618704   0.0153757  0.00857874
         2.8   0.0645602  0.00513082  0.00126451
     3.06667   0.0461435  0.00314421 0.000719986
     3.33333   0.0420509    0.002097 0.000538696
         3.6  0.00368519  0.00119521 0.000290577
     3.86667  0.00509722 0.000517797 0.000132315
     4.13333  0.00212963 0.000279557 7.39478e-05
         4.4 0.000953704 0.000137198 6.62098e-05
     4.66667     0.00025 3.87151e-05 1.99289e-05
     4.93333 9.72222e-05 1.28146e-05 8.91902e-06
         5.2           0 3.73996e-06 2.87177e-06
     5.46667           0 1.10918e-06 1.09757e-06
     5.73333           0           0           0
           6           0           0           0
     6.26667           0           0           0
     6.53333           0           0           0
         6.8           0           0           0
     7.06667           0           0           0
     7.33333           0           0           0
         7.6           0           0           0
     7.86667           0           0           0
    0.133333 0.000953704 0.000196489 3.90304e-05
         0.4   0.0185417  0.00131893 0.000213747
    0.666667   0.0460787  0.00328852 0.000419294
    0.933333    0.095287  0.00564786 0.000735849
         1.2    0.127671   0.0076942   0.0011353
     1.46667   0.0970648  0.00865585  0.00134259
     1.73333    0.126958  0.00909298   0.0015764
           2    0.150412  0.00872296  0.00153678
     2.26667    0.113977   0.0193379    0.011727
     2.53333   0.0921481   0.0151002  0.00840808
         2.8   0.0556759   0.0050493  0.00124133
     3.06667   0.0302639  0.00309265 0.000707137
     3.33333   0.0205324  0.00206275  0.00052879
         3.6   0.0121481  0.00117588 0.000285289
     3.86667  0.00215278 0.000508126 0.000129967
     4.13333    0.000875 0.000274217 7.26312e-05
         4.4  0.00663426 0.000137162 6.48586e-05
     4.66667    0.002625 3.90183e-05 1.95245e-05
     4.93333           0  1.2553e-05 8.74083e-06
         5.2           0 3.66363e-06 2.81417e-06
     5.46667           0 1.08655e-06  1.0754e-06
     5.73333           0           0           0
           6           0           0           0
     6.26667           0           0           0
     6.53333           0           0           0
         6.8           0           0           0
     7.06667           0           0           0
     7.33333           0           0           0
         7.6           0           0           0
     7.86667           0           0           0
    0.133333  0.00105093  0.00019298 3.84073e-05
         0.4    0.030625  0.00130481 0.000209938
    0.666667   0.0651204   0.0032488 0.000412786
    0.933333    0.100944  0.00557528 0.000724702
         1.2    0.118921  0.00758789  0.00111756
     1.46667    0.105046  0.00852475  0.00132212
     1.73333    0.127745  0.00896222  0.00155029
           2    0.113968  0.00859409  0.00151144
     2.26667   0.0946991    0.018989   0.0114976
     2.53333    0.078625   0.0148297  0.00824427
         2.8   0.0765463  0.00497893   0.0012185
     3.06667   0.0331157  0.00304405 0.000694662
     3.33333   0.0294306  0.00203327 0.000519035
         3.6   0.0131435  0.00115761 0.000280167
     3.86667  0.00191204 0.000498728 0.000127707
     4.13333 5.09259e-05 0.000268753 7.13838e-05
         4.4  0.00201852 0.000135226 6.35903e-05
     4.66667  0.00576389 4.05435e-05 1.91934e-05
     4.93333  0.00127315 1.28112e-05 8.56983e-06
         5.2           0 3.59036e-06 2.75884e-06
     5.46667           0 1.06481e-06 1.05411e-06
     5.73333           0           0           0
           6           0           0           0
     6.26667           0           0           0
     6.53333           0           0           0
         6.8           0           0           0
     7.06667           0           0           0
     7.33333           0           0           0
         7.6           0           0           0
     7.86667           0           0           0
